p
0.0 1.0 0.0
1
0.0 0.0 0.0
1.0 1.0 1.0

l
5.0 10.0 -2.0

s
-1.00 -1.00 3.00
0.05
0.51 0.43 0.31

s
-0.92 -1.00 3.00
0.05
0.63 0.32 0.22

s
-0.83 -1.00 3.00
0.05
0.57 0.22 0.57

s
-0.75 -1.00 3.00
0.05
0.47 0.30 0.07

s
-0.67 -1.00 3.00
0.05
0.08 0.06 0.39

s
-0.58 -1.00 3.00
0.05
0.71 0.15 0.27

s
-0.50 -1.00 3.00
0.05
0.69 0.21 0.23

s
-0.42 -1.00 3.00
0.05
0.24 0.71 0.87

s
-0.33 -1.00 3.00
0.05
0.81 0.29 0.07

s
-0.25 -1.00 3.00
0.05
0.62 0.35 0.48

s
-0.17 -1.00 3.00
0.05
0.39 0.33 0.06

s
-0.08 -1.00 3.00
0.05
0.04 0.93 0.23

s
0.00 -1.00 3.00
0.05
0.73 0.66 0.31

s
0.08 -1.00 3.00
0.05
0.19 0.82 0.18

s
0.17 -1.00 3.00
0.05
0.31 0.60 0.50

s
0.25 -1.00 3.00
0.05
0.27 0.81 0.56

s
0.33 -1.00 3.00
0.05
0.71 0.74 0.44

s
0.42 -1.00 3.00
0.05
0.03 0.22 0.82

s
0.50 -1.00 3.00
0.05
0.07 0.84 0.04

s
0.58 -1.00 3.00
0.05
0.05 0.78 0.91

s
0.67 -1.00 3.00
0.05
0.22 0.96 0.84

s
0.75 -1.00 3.00
0.05
0.89 0.88 0.81

s
0.83 -1.00 3.00
0.05
0.94 0.70 0.39

s
0.92 -1.00 3.00
0.05
0.38 0.09 0.15

s
1.00 -1.00 3.00
0.05
0.11 0.45 0.51

s
-1.00 1.00 3.00
0.05
0.56 0.04 0.20

s
-0.92 1.00 3.00
0.05
0.17 0.04 0.98

s
-0.83 1.00 3.00
0.05
0.81 0.91 0.20

s
-0.75 1.00 3.00
0.05
0.73 0.46 0.23

s
-0.67 1.00 3.00
0.05
0.32 0.15 0.31

s
-0.58 1.00 3.00
0.05
0.16 0.94 0.72

s
-0.50 1.00 3.00
0.05
0.04 0.02 0.64

s
-0.42 1.00 3.00
0.05
0.21 0.65 0.01

s
-0.33 1.00 3.00
0.05
0.51 0.30 0.03

s
-0.25 1.00 3.00
0.05
0.50 0.79 0.86

s
-0.17 1.00 3.00
0.05
0.10 0.08 0.60

s
-0.08 1.00 3.00
0.05
0.13 0.71 0.15

s
0.00 1.00 3.00
0.05
0.73 0.02 0.78

s
0.08 1.00 3.00
0.05
0.62 0.02 0.11

s
0.17 1.00 3.00
0.05
0.37 0.28 0.14

s
0.25 1.00 3.00
0.05
0.76 1.00 0.53

s
0.33 1.00 3.00
0.05
0.35 0.22 0.65

s
0.42 1.00 3.00
0.05
0.70 0.24 0.83

s
0.50 1.00 3.00
0.05
0.21 0.30 0.75

s
0.58 1.00 3.00
0.05
0.57 0.43 0.77

s
0.67 1.00 3.00
0.05
0.44 0.06 0.51

s
0.75 1.00 3.00
0.05
0.09 0.51 0.49

s
0.83 1.00 3.00
0.05
0.26 0.45 0.48

s
0.92 1.00 3.00
0.05
0.93 0.96 0.30

s
1.00 1.00 3.00
0.05
0.65 0.57 0.45

s
-1.00 -1.00 5.00
0.05
0.73 0.31 0.52

s
-0.92 -1.00 5.00
0.05
0.93 0.28 0.13

s
-0.83 -1.00 5.00
0.05
0.55 0.65 0.08

s
-0.75 -1.00 5.00
0.05
0.41 0.73 0.11

s
-0.67 -1.00 5.00
0.05
0.45 0.98 0.79

s
-0.58 -1.00 5.00
0.05
0.20 0.32 0.15

s
-0.50 -1.00 5.00
0.05
0.45 0.52 0.94

s
-0.42 -1.00 5.00
0.05
0.67 0.11 0.64

s
-0.33 -1.00 5.00
0.05
0.33 0.78 0.63

s
-0.25 -1.00 5.00
0.05
0.40 0.15 0.77

s
-0.17 -1.00 5.00
0.05
0.65 0.28 0.07

s
-0.08 -1.00 5.00
0.05
0.26 0.28 0.79

s
0.00 -1.00 5.00
0.05
0.48 0.87 0.68

s
0.08 -1.00 5.00
0.05
0.37 0.68 0.50

s
0.17 -1.00 5.00
0.05
0.34 0.71 0.49

s
0.25 -1.00 5.00
0.05
0.93 0.48 0.13

s
0.33 -1.00 5.00
0.05
0.17 0.84 0.56

s
0.42 -1.00 5.00
0.05
0.54 0.76 0.73

s
0.50 -1.00 5.00
0.05
0.14 0.52 0.08

s
0.58 -1.00 5.00
0.05
0.71 0.61 0.89

s
0.67 -1.00 5.00
0.05
0.23 0.40 0.36

s
0.75 -1.00 5.00
0.05
0.49 0.86 0.55

s
0.83 -1.00 5.00
0.05
0.92 0.15 0.73

s
0.92 -1.00 5.00
0.05
0.99 0.09 0.83

s
1.00 -1.00 5.00
0.05
0.72 0.65 0.31

s
-1.00 1.00 5.00
0.05
0.68 0.38 0.89

s
-0.92 1.00 5.00
0.05
0.34 0.07 0.87

s
-0.83 1.00 5.00
0.05
0.59 0.92 0.35

s
-0.75 1.00 5.00
0.05
0.25 0.96 0.88

s
-0.67 1.00 5.00
0.05
0.81 0.47 0.51

s
-0.58 1.00 5.00
0.05
0.26 0.74 1.00

s
-0.50 1.00 5.00
0.05
0.93 0.99 0.91

s
-0.42 1.00 5.00
0.05
0.05 0.08 0.46

s
-0.33 1.00 5.00
0.05
0.94 0.71 0.35

s
-0.25 1.00 5.00
0.05
0.95 0.44 0.22

s
-0.17 1.00 5.00
0.05
0.77 0.28 0.50

s
-0.08 1.00 5.00
0.05
0.57 0.07 0.44

s
0.00 1.00 5.00
0.05
0.28 0.14 0.60

s
0.08 1.00 5.00
0.05
0.38 0.97 0.19

s
0.17 1.00 5.00
0.05
0.80 0.76 0.56

s
0.25 1.00 5.00
0.05
0.38 0.15 0.44

s
0.33 1.00 5.00
0.05
0.40 0.75 0.74

s
0.42 1.00 5.00
0.05
0.58 0.21 0.13

s
0.50 1.00 5.00
0.05
0.30 0.19 0.13

s
0.58 1.00 5.00
0.05
0.50 0.31 0.82

s
0.67 1.00 5.00
0.05
0.48 0.77 0.24

s
0.75 1.00 5.00
0.05
0.85 0.54 0.29

s
0.83 1.00 5.00
0.05
0.80 0.45 0.98

s
0.92 1.00 5.00
0.05
0.69 0.08 0.97

s
1.00 1.00 5.00
0.05
0.76 0.03 0.30

s
-1.00 -1.00 3.00
0.05
0.07 0.61 0.02

s
-1.00 -0.92 3.00
0.05
0.50 0.74 0.37

s
-1.00 -0.83 3.00
0.05
0.45 0.64 0.45

s
-1.00 -0.75 3.00
0.05
0.84 0.11 0.85

s
-1.00 -0.67 3.00
0.05
0.26 0.04 0.57

s
-1.00 -0.58 3.00
0.05
0.76 1.00 0.78

s
-1.00 -0.50 3.00
0.05
0.27 0.75 0.31

s
-1.00 -0.42 3.00
0.05
0.13 0.92 0.01

s
-1.00 -0.33 3.00
0.05
0.61 0.32 0.79

s
-1.00 -0.25 3.00
0.05
0.85 0.09 0.59

s
-1.00 -0.17 3.00
0.05
0.20 0.15 0.13

s
-1.00 -0.08 3.00
0.05
0.47 0.76 0.47

s
-1.00 0.00 3.00
0.05
0.93 0.66 0.42

s
-1.00 0.08 3.00
0.05
0.54 0.31 0.75

s
-1.00 0.17 3.00
0.05
0.36 0.15 0.75

s
-1.00 0.25 3.00
0.05
0.81 0.95 0.50

s
-1.00 0.33 3.00
0.05
0.41 0.56 0.92

s
-1.00 0.42 3.00
0.05
0.53 0.01 0.75

s
-1.00 0.50 3.00
0.05
0.55 0.86 0.59

s
-1.00 0.58 3.00
0.05
0.86 0.86 0.63

s
-1.00 0.67 3.00
0.05
0.61 0.47 0.67

s
-1.00 0.75 3.00
0.05
0.44 0.15 0.51

s
-1.00 0.83 3.00
0.05
0.57 0.11 0.21

s
-1.00 0.92 3.00
0.05
0.38 0.23 0.44

s
-1.00 1.00 3.00
0.05
0.43 0.90 0.00

s
1.00 -1.00 3.00
0.05
0.46 0.60 0.43

s
1.00 -0.92 3.00
0.05
0.65 0.54 0.65

s
1.00 -0.83 3.00
0.05
0.77 0.89 0.06

s
1.00 -0.75 3.00
0.05
0.34 0.65 0.87

s
1.00 -0.67 3.00
0.05
0.60 0.64 0.72

s
1.00 -0.58 3.00
0.05
0.74 0.52 0.89

s
1.00 -0.50 3.00
0.05
0.57 0.46 0.31

s
1.00 -0.42 3.00
0.05
0.39 0.72 0.91

s
1.00 -0.33 3.00
0.05
0.78 0.07 0.88

s
1.00 -0.25 3.00
0.05
0.30 0.39 0.28

s
1.00 -0.17 3.00
0.05
0.37 0.16 0.11

s
1.00 -0.08 3.00
0.05
0.89 0.68 0.57

s
1.00 0.00 3.00
0.05
0.02 0.48 0.04

s
1.00 0.08 3.00
0.05
0.41 0.83 0.37

s
1.00 0.17 3.00
0.05
0.15 0.30 0.61

s
1.00 0.25 3.00
0.05
0.35 0.89 0.49

s
1.00 0.33 3.00
0.05
0.47 0.60 0.07

s
1.00 0.42 3.00
0.05
0.22 0.29 0.07

s
1.00 0.50 3.00
0.05
0.34 0.72 0.59

s
1.00 0.58 3.00
0.05
0.26 0.51 0.99

s
1.00 0.67 3.00
0.05
0.84 0.75 0.50

s
1.00 0.75 3.00
0.05
0.03 0.05 0.94

s
1.00 0.83 3.00
0.05
0.66 0.66 0.75

s
1.00 0.92 3.00
0.05
0.34 0.39 0.39

s
1.00 1.00 3.00
0.05
0.13 0.18 0.10

s
-1.00 -1.00 5.00
0.05
0.85 0.96 0.86

s
-1.00 -0.92 5.00
0.05
0.03 0.54 0.68

s
-1.00 -0.83 5.00
0.05
0.56 0.38 0.32

s
-1.00 -0.75 5.00
0.05
0.17 0.31 0.64

s
-1.00 -0.67 5.00
0.05
0.82 0.27 0.20

s
-1.00 -0.58 5.00
0.05
0.26 0.95 0.01

s
-1.00 -0.50 5.00
0.05
0.65 0.97 0.83

s
-1.00 -0.42 5.00
0.05
0.29 0.93 0.10

s
-1.00 -0.33 5.00
0.05
0.19 0.05 0.81

s
-1.00 -0.25 5.00
0.05
0.19 0.98 0.05

s
-1.00 -0.17 5.00
0.05
0.06 0.97 0.04

s
-1.00 -0.08 5.00
0.05
0.15 0.80 0.53

s
-1.00 0.00 5.00
0.05
0.56 0.28 0.40

s
-1.00 0.08 5.00
0.05
0.89 0.01 0.50

s
-1.00 0.17 5.00
0.05
0.15 0.50 0.62

s
-1.00 0.25 5.00
0.05
0.24 0.79 0.96

s
-1.00 0.33 5.00
0.05
0.82 0.43 0.27

s
-1.00 0.42 5.00
0.05
0.62 0.62 0.15

s
-1.00 0.50 5.00
0.05
0.56 0.11 0.59

s
-1.00 0.58 5.00
0.05
0.44 0.86 0.37

s
-1.00 0.67 5.00
0.05
0.42 0.89 0.74

s
-1.00 0.75 5.00
0.05
0.20 0.46 0.62

s
-1.00 0.83 5.00
0.05
0.09 0.50 0.51

s
-1.00 0.92 5.00
0.05
0.91 0.77 0.53

s
-1.00 1.00 5.00
0.05
0.36 0.22 0.59

s
1.00 -1.00 5.00
0.05
0.03 0.71 0.71

s
1.00 -0.92 5.00
0.05
0.73 0.64 0.47

s
1.00 -0.83 5.00
0.05
0.34 0.76 0.88

s
1.00 -0.75 5.00
0.05
0.35 0.41 0.02

s
1.00 -0.67 5.00
0.05
0.59 0.69 0.06

s
1.00 -0.58 5.00
0.05
0.64 0.61 0.73

s
1.00 -0.50 5.00
0.05
0.64 0.84 0.63

s
1.00 -0.42 5.00
0.05
0.30 0.17 0.54

s
1.00 -0.33 5.00
0.05
0.22 0.51 0.92

s
1.00 -0.25 5.00
0.05
0.33 0.82 0.61

s
1.00 -0.17 5.00
0.05
0.22 0.97 0.96

s
1.00 -0.08 5.00
0.05
0.33 0.06 0.73

s
1.00 0.00 5.00
0.05
0.19 0.31 0.45

s
1.00 0.08 5.00
0.05
0.40 0.66 0.24

s
1.00 0.17 5.00
0.05
0.18 0.18 0.11

s
1.00 0.25 5.00
0.05
0.14 0.31 0.81

s
1.00 0.33 5.00
0.05
0.75 0.05 0.32

s
1.00 0.42 5.00
0.05
0.44 0.02 0.35

s
1.00 0.50 5.00
0.05
0.46 0.11 0.08

s
1.00 0.58 5.00
0.05
0.62 0.19 0.87

s
1.00 0.67 5.00
0.05
0.03 0.30 0.76

s
1.00 0.75 5.00
0.05
0.70 0.74 0.07

s
1.00 0.83 5.00
0.05
0.27 0.83 0.54

s
1.00 0.92 5.00
0.05
0.29 0.37 0.85

s
1.00 1.00 5.00
0.05
0.43 0.69 0.65

s
-1.00 -1.00 3.00
0.05
0.18 0.37 0.27

s
-1.00 -1.00 3.08
0.05
0.98 0.68 0.59

s
-1.00 -1.00 3.17
0.05
0.45 0.66 0.16

s
-1.00 -1.00 3.25
0.05
0.65 0.58 0.12

s
-1.00 -1.00 3.33
0.05
0.86 0.46 0.76

s
-1.00 -1.00 3.42
0.05
0.68 0.91 0.30

s
-1.00 -1.00 3.50
0.05
0.88 0.55 0.83

s
-1.00 -1.00 3.58
0.05
0.76 0.56 0.02

s
-1.00 -1.00 3.67
0.05
0.96 0.25 0.32

s
-1.00 -1.00 3.75
0.05
0.79 0.04 0.47

s
-1.00 -1.00 3.83
0.05
0.66 0.22 0.10

s
-1.00 -1.00 3.92
0.05
0.85 0.08 0.25

s
-1.00 -1.00 4.00
0.05
0.19 0.12 0.71

s
-1.00 -1.00 4.08
0.05
0.51 1.00 0.82

s
-1.00 -1.00 4.17
0.05
0.24 0.02 0.43

s
-1.00 -1.00 4.25
0.05
0.16 0.25 0.09

s
-1.00 -1.00 4.33
0.05
0.97 0.24 0.83

s
-1.00 -1.00 4.42
0.05
0.79 0.40 0.28

s
-1.00 -1.00 4.50
0.05
0.43 0.66 0.98

s
-1.00 -1.00 4.58
0.05
0.16 0.02 0.75

s
-1.00 -1.00 4.67
0.05
0.78 0.92 0.54

s
-1.00 -1.00 4.75
0.05
0.86 0.85 0.01

s
-1.00 -1.00 4.83
0.05
0.43 0.47 0.12

s
-1.00 -1.00 4.92
0.05
0.99 0.44 0.55

s
-1.00 -1.00 5.00
0.05
0.28 0.90 0.04

s
1.00 -1.00 3.00
0.05
0.56 0.72 0.60

s
1.00 -1.00 3.08
0.05
0.30 0.12 0.44

s
1.00 -1.00 3.17
0.05
0.05 0.86 0.86

s
1.00 -1.00 3.25
0.05
0.19 1.00 0.59

s
1.00 -1.00 3.33
0.05
0.64 0.33 0.10

s
1.00 -1.00 3.42
0.05
0.90 0.29 0.77

s
1.00 -1.00 3.50
0.05
0.51 0.46 0.86

s
1.00 -1.00 3.58
0.05
0.01 0.73 0.31

s
1.00 -1.00 3.67
0.05
0.86 0.66 0.46

s
1.00 -1.00 3.75
0.05
0.35 0.98 0.05

s
1.00 -1.00 3.83
0.05
0.09 0.32 0.25

s
1.00 -1.00 3.92
0.05
0.11 0.43 0.09

s
1.00 -1.00 4.00
0.05
0.33 0.16 0.25

s
1.00 -1.00 4.08
0.05
0.85 0.30 0.24

s
1.00 -1.00 4.17
0.05
0.49 0.60 0.44

s
1.00 -1.00 4.25
0.05
0.86 0.02 0.33

s
1.00 -1.00 4.33
0.05
0.63 0.82 0.31

s
1.00 -1.00 4.42
0.05
0.77 0.96 0.34

s
1.00 -1.00 4.50
0.05
0.19 0.06 0.38

s
1.00 -1.00 4.58
0.05
0.83 0.23 0.30

s
1.00 -1.00 4.67
0.05
0.76 0.35 0.29

s
1.00 -1.00 4.75
0.05
0.66 0.31 0.84

s
1.00 -1.00 4.83
0.05
0.33 0.62 0.47

s
1.00 -1.00 4.92
0.05
0.14 0.49 0.70

s
1.00 -1.00 5.00
0.05
0.63 0.97 0.87

s
-1.00 1.00 3.00
0.05
0.73 0.90 0.48

s
-1.00 1.00 3.08
0.05
0.83 0.81 0.96

s
-1.00 1.00 3.17
0.05
0.16 0.11 0.76

s
-1.00 1.00 3.25
0.05
0.01 0.29 0.59

s
-1.00 1.00 3.33
0.05
0.06 0.31 0.42

s
-1.00 1.00 3.42
0.05
0.09 0.74 0.90

s
-1.00 1.00 3.50
0.05
0.63 0.51 0.15

s
-1.00 1.00 3.58
0.05
0.98 0.23 0.04

s
-1.00 1.00 3.67
0.05
0.60 0.89 0.73

s
-1.00 1.00 3.75
0.05
0.00 0.32 0.49

s
-1.00 1.00 3.83
0.05
0.50 0.15 0.80

s
-1.00 1.00 3.92
0.05
0.70 0.78 0.37

s
-1.00 1.00 4.00
0.05
0.23 0.67 0.69

s
-1.00 1.00 4.08
0.05
0.77 0.67 0.01

s
-1.00 1.00 4.17
0.05
0.40 0.76 0.77

s
-1.00 1.00 4.25
0.05
0.94 0.64 0.18

s
-1.00 1.00 4.33
0.05
0.29 0.61 0.32

s
-1.00 1.00 4.42
0.05
0.66 0.28 0.48

s
-1.00 1.00 4.50
0.05
0.22 0.90 0.06

s
-1.00 1.00 4.58
0.05
0.77 0.99 0.53

s
-1.00 1.00 4.67
0.05
0.98 0.32 0.47

s
-1.00 1.00 4.75
0.05
0.43 0.90 0.29

s
-1.00 1.00 4.83
0.05
0.70 0.76 0.56

s
-1.00 1.00 4.92
0.05
0.86 0.04 0.70

s
-1.00 1.00 5.00
0.05
0.99 0.34 0.50

s
1.00 1.00 3.00
0.05
0.85 0.02 0.35

s
1.00 1.00 3.08
0.05
0.01 0.40 0.87

s
1.00 1.00 3.17
0.05
0.25 0.30 0.51

s
1.00 1.00 3.25
0.05
0.39 0.18 0.85

s
1.00 1.00 3.33
0.05
0.17 0.00 0.59

s
1.00 1.00 3.42
0.05
0.62 0.77 0.62

s
1.00 1.00 3.50
0.05
0.78 0.27 0.94

s
1.00 1.00 3.58
0.05
0.36 0.88 0.29

s
1.00 1.00 3.67
0.05
0.80 0.30 0.18

s
1.00 1.00 3.75
0.05
0.72 0.62 0.74

s
1.00 1.00 3.83
0.05
0.38 0.15 0.62

s
1.00 1.00 3.92
0.05
0.41 0.13 0.76

s
1.00 1.00 4.00
0.05
0.39 0.51 1.00

s
1.00 1.00 4.08
0.05
0.13 0.51 0.61

s
1.00 1.00 4.17
0.05
0.41 0.73 0.87

s
1.00 1.00 4.25
0.05
0.25 0.46 0.16

s
1.00 1.00 4.33
0.05
0.25 0.14 0.43

s
1.00 1.00 4.42
0.05
0.45 0.72 0.81

s
1.00 1.00 4.50
0.05
0.28 0.42 0.38

s
1.00 1.00 4.58
0.05
0.41 0.94 0.16

s
1.00 1.00 4.67
0.05
0.17 0.11 0.09

s
1.00 1.00 4.75
0.05
0.66 0.87 0.71

s
1.00 1.00 4.83
0.05
0.47 0.74 0.70

s
1.00 1.00 4.92
0.05
0.23 0.07 0.59

s
1.00 1.00 5.00
0.05
0.55 0.14 0.54

